#IMAGE_ID, QW, QX, QY, QZ, TX, TY, TZ, CAMERA_ID
1.000 1.000 -0.019 0.015 -0.006 6.175 -0.294 -0.670 1.000
2.000 1.000 -0.007 -0.024 0.001 6.184 -0.196 -0.192 1.000
3.000 0.999 0.003 -0.016 0.034 5.969 0.220 -0.304 1.000
4.000 0.999 0.013 -0.026 0.035 5.955 0.242 -0.178 1.000
188.000 0.999 0.009 -0.046 -0.000 1.492 -0.016 -0.140 1.000
5.000 0.998 0.025 -0.032 0.037 5.925 0.266 -0.115 1.000
6.000 0.999 0.010 -0.042 0.030 5.900 0.177 0.003 1.000
7.000 0.999 -0.006 -0.029 0.027 5.869 0.126 -0.146 1.000
8.000 0.999 -0.004 -0.015 0.036 5.831 0.233 -0.321 1.000
9.000 0.998 -0.003 -0.041 0.040 5.806 0.285 -0.009 1.000
10.000 0.998 0.002 -0.047 0.037 5.784 0.242 0.055 1.000
337.000 0.995 -0.020 -0.099 0.011 -1.994 0.009 -0.179 1.000
11.000 0.999 0.005 -0.038 0.031 5.769 0.177 -0.049 1.000
12.000 0.999 -0.001 -0.046 0.021 5.743 0.056 0.046 1.000
13.000 0.997 -0.003 -0.067 0.022 5.708 0.072 0.284 1.000
14.000 0.999 0.006 -0.047 0.024 5.686 0.093 0.048 1.000
631.000 0.995 0.001 -0.096 0.007 0.117 0.007 -0.065 4.000
15.000 0.999 0.007 -0.041 0.026 5.659 0.124 -0.013 1.000
41.000 0.999 0.000 -0.048 0.025 5.239 0.103 0.043 1.000
16.000 0.998 0.002 -0.054 0.031 5.628 0.176 0.134 1.000
17.000 0.998 -0.003 -0.054 0.028 5.606 0.134 0.135 1.000
18.000 0.998 -0.008 -0.066 0.025 5.584 0.103 0.263 1.000
484.000 0.987 -0.009 -0.161 -0.025 -5.520 0.354 -0.843 1.000
505.000 0.983 0.003 -0.184 -0.023 -6.026 0.348 -1.173 1.000
19.000 0.997 -0.012 -0.076 0.021 5.549 0.063 0.378 1.000
20.000 0.998 -0.010 -0.060 0.023 5.529 0.087 0.194 1.000
21.000 0.998 -0.012 -0.057 0.018 5.502 0.032 0.164 1.000
141.000 0.996 -0.014 -0.091 0.008 2.794 -0.002 0.155 1.000
22.000 0.998 -0.006 -0.066 0.008 5.468 -0.078 0.252 1.000
23.000 0.998 -0.006 -0.066 0.008 5.468 -0.076 0.255 1.000
24.000 0.999 -0.004 -0.051 0.006 5.445 -0.101 0.084 1.000
126.000 0.998 -0.002 -0.066 0.019 3.201 0.058 0.037 1.000
461.000 0.995 -0.005 -0.092 -0.047 -4.943 0.550 -0.108 1.000
495.000 0.986 0.006 -0.163 -0.025 -5.812 0.366 -0.890 1.000
25.000 0.999 -0.004 -0.051 0.006 5.445 -0.104 0.083 1.000
355.000 0.991 -0.009 -0.132 0.016 -2.490 -0.021 -0.373 1.000
26.000 0.998 -0.013 -0.056 0.013 5.422 -0.021 0.145 1.000
286.000 0.993 -0.007 -0.119 -0.002 -0.634 0.020 -0.151 1.000
27.000 0.998 -0.013 -0.056 0.013 5.422 -0.022 0.146 1.000
28.000 0.998 -0.018 -0.062 0.021 5.403 0.059 0.206 1.000
29.000 0.998 -0.018 -0.062 0.021 5.403 0.062 0.202 1.000
81.000 0.999 0.011 -0.018 0.026 4.338 0.119 -0.281 1.000
30.000 0.999 -0.015 -0.028 0.031 5.375 0.162 -0.166 1.000
78.000 0.999 -0.003 -0.031 0.010 4.435 -0.034 -0.162 1.000
31.000 0.999 -0.015 -0.028 0.031 5.375 0.159 -0.161 1.000
83.000 1.000 0.014 -0.002 0.027 4.287 0.133 -0.416 1.000
32.000 0.999 -0.001 -0.018 0.031 5.344 0.174 -0.272 1.000
33.000 0.999 -0.001 -0.018 0.031 5.343 0.170 -0.275 1.000
34.000 0.998 0.014 -0.045 0.037 5.319 0.239 0.013 1.000
35.000 0.998 0.014 -0.045 0.037 5.319 0.240 0.012 1.000
211.000 0.998 0.004 -0.060 0.004 0.978 -0.004 -0.098 1.000
36.000 0.999 0.019 -0.026 0.038 5.286 0.254 -0.188 1.000
58.000 0.999 0.043 -0.027 0.008 4.962 -0.038 -0.197 1.000
37.000 0.999 0.018 -0.027 0.038 5.286 0.254 -0.179 1.000
38.000 0.999 0.006 -0.033 0.027 5.262 0.127 -0.109 1.000
39.000 0.999 0.006 -0.034 0.026 5.263 0.127 -0.105 1.000
52.000 0.999 0.017 -0.034 0.016 5.040 0.024 -0.110 1.000
371.000 0.989 0.004 -0.144 0.014 -2.880 -0.015 -0.479 1.000
40.000 0.999 0.001 -0.048 0.025 5.239 0.103 0.047 1.000
42.000 0.999 0.004 -0.047 0.026 5.220 0.121 0.030 1.000
43.000 0.999 0.007 -0.025 0.021 5.188 0.076 -0.193 1.000
44.000 0.999 0.012 -0.043 0.023 5.159 0.091 -0.012 1.000
45.000 0.999 0.012 -0.042 0.023 5.159 0.091 -0.018 1.000
46.000 0.999 0.023 -0.028 0.024 5.126 0.107 -0.170 1.000
47.000 0.999 0.023 -0.028 0.024 5.125 0.106 -0.171 1.000
99.000 1.000 0.008 -0.021 0.015 3.898 0.033 -0.263 1.000
48.000 0.999 0.019 -0.035 0.024 5.096 0.111 -0.103 1.000
49.000 0.999 0.019 -0.035 0.024 5.096 0.110 -0.102 1.000
199.000 0.995 -0.003 -0.102 -0.017 1.201 -0.059 0.004 1.000
50.000 0.998 0.012 -0.051 0.026 5.064 0.120 0.069 1.000
51.000 0.998 0.012 -0.052 0.026 5.064 0.123 0.070 1.000
53.000 0.999 0.017 -0.034 0.016 5.040 0.026 -0.110 1.000
496.000 0.985 0.006 -0.168 -0.021 -5.822 0.320 -0.959 1.000
54.000 0.999 0.020 -0.027 0.007 5.020 -0.063 -0.184 1.000
55.000 0.999 0.020 -0.027 0.006 5.020 -0.067 -0.185 1.000
56.000 0.998 0.031 -0.047 0.009 4.994 -0.044 0.010 1.000
439.000 0.989 -0.024 -0.145 -0.019 -4.498 0.257 -0.616 1.000
57.000 0.998 0.031 -0.047 0.009 4.993 -0.042 0.009 1.000
59.000 0.998 0.040 -0.036 0.008 4.936 -0.038 -0.103 1.000
60.000 0.997 0.033 -0.065 0.025 4.905 0.114 0.181 1.000
390.000 0.983 -0.027 -0.180 -0.019 -3.252 0.189 -0.753 1.000
411.000 0.986 -0.022 -0.163 0.003 -3.725 0.050 -0.696 1.000
61.000 0.997 0.042 -0.052 0.031 4.880 0.177 0.055 1.000
62.000 0.997 0.047 -0.052 0.030 4.858 0.171 0.052 1.000
114.000 0.997 -0.032 -0.073 0.001 3.510 -0.076 0.105 1.000
63.000 0.996 0.048 -0.067 0.033 4.837 0.199 0.196 1.000
64.000 0.997 0.052 -0.047 0.029 4.814 0.171 -0.002 1.000
65.000 0.998 0.040 -0.042 0.019 4.788 0.065 -0.059 1.000
66.000 0.998 0.021 -0.056 0.020 4.759 0.062 0.071 1.000
67.000 0.999 0.017 -0.031 0.021 4.729 0.078 -0.163 1.000
68.000 0.999 0.010 -0.032 0.019 4.701 0.051 -0.156 1.000
69.000 0.999 0.011 -0.048 0.021 4.679 0.066 -0.009 1.000
253.000 0.995 0.018 -0.100 0.002 0.024 0.008 -0.067 1.000
70.000 0.999 0.015 -0.041 0.018 4.661 0.046 -0.072 1.000
71.000 0.999 0.007 -0.032 0.007 4.628 -0.061 -0.159 1.000
72.000 0.998 -0.011 -0.060 0.016 4.599 0.012 0.098 1.000
174.000 0.999 0.032 -0.015 -0.018 1.872 -0.072 -0.252 1.000
407.000 0.984 -0.025 -0.176 0.003 -3.587 0.050 -0.778 1.000
501.000 0.986 0.002 -0.165 -0.019 -5.970 0.300 -0.940 1.000
73.000 0.999 -0.018 -0.026 0.011 4.566 -0.036 -0.212 1.000
175.000 0.999 0.029 -0.012 -0.021 1.845 -0.084 -0.261 1.000
74.000 1.000 -0.016 -0.026 0.001 4.535 -0.128 -0.211 1.000
334.000 0.994 -0.030 -0.101 0.017 -1.923 -0.016 -0.187 1.000
75.000 0.999 -0.004 -0.031 -0.001 4.506 -0.132 -0.161 1.000
76.000 1.000 0.004 -0.018 -0.001 4.476 -0.128 -0.281 1.000
77.000 1.000 0.001 -0.020 0.002 4.460 -0.106 -0.263 1.000
129.000 0.998 0.003 -0.065 0.010 3.113 0.009 0.026 1.000
319.000 0.991 0.001 -0.133 -0.006 -1.505 0.058 -0.278 1.000
79.000 1.000 -0.001 -0.008 0.018 4.393 0.035 -0.367 1.000
80.000 1.000 0.000 -0.006 0.023 4.361 0.089 -0.382 1.000
82.000 0.999 0.016 -0.009 0.027 4.321 0.128 -0.361 1.000
202.000 0.998 -0.019 -0.060 -0.006 1.110 -0.037 -0.097 1.000
84.000 0.999 0.001 -0.022 0.033 4.268 0.172 -0.245 1.000
300.000 0.993 -0.026 -0.114 0.017 -0.991 -0.012 -0.175 1.000
85.000 0.999 -0.003 -0.004 0.039 4.225 0.218 -0.401 1.000
86.000 0.999 -0.001 -0.003 0.035 4.196 0.190 -0.404 1.000
472.000 0.993 0.001 -0.106 -0.049 -5.243 0.598 -0.230 1.000
87.000 0.999 0.006 -0.023 0.030 4.179 0.148 -0.243 1.000
113.000 0.999 -0.013 -0.042 0.004 3.539 -0.054 -0.113 1.000
88.000 0.999 0.006 -0.020 0.026 4.167 0.112 -0.264 1.000
456.000 0.996 -0.041 -0.057 -0.051 -4.836 0.617 0.215 1.000
89.000 1.000 -0.009 -0.017 0.015 4.139 0.012 -0.288 1.000
90.000 0.999 -0.025 -0.031 0.018 4.128 0.029 -0.177 1.000
91.000 0.999 -0.041 -0.027 0.025 4.102 0.072 -0.210 1.000
92.000 0.999 -0.047 -0.009 0.025 4.075 0.061 -0.356 1.000
93.000 0.999 -0.044 -0.021 0.018 4.055 0.018 -0.251 1.000
303.000 0.992 -0.033 -0.123 -0.002 -1.066 0.027 -0.201 1.000
423.000 0.986 0.002 -0.165 -0.006 -4.043 0.124 -0.753 1.000
94.000 0.999 -0.030 -0.020 0.013 4.024 -0.020 -0.261 1.000
146.000 0.998 0.013 -0.052 0.033 2.650 0.144 -0.070 1.000
95.000 1.000 -0.016 -0.013 0.007 3.990 -0.054 -0.322 1.000
288.000 0.995 -0.007 -0.099 -0.013 -0.684 0.039 -0.130 1.000
96.000 0.999 -0.019 -0.024 0.010 3.968 -0.034 -0.235 1.000
97.000 0.999 -0.015 -0.035 0.017 3.943 0.028 -0.145 1.000
98.000 1.000 -0.001 -0.024 0.016 3.917 0.029 -0.238 1.000
122.000 0.999 -0.005 -0.046 0.018 3.298 0.053 -0.090 1.000
154.000 0.998 -0.006 -0.064 0.022 2.441 0.071 -0.030 1.000
100.000 0.999 0.023 -0.026 0.019 3.871 0.066 -0.225 1.000
132.000 0.998 -0.016 -0.065 0.013 3.034 0.017 0.019 1.000
284.000 0.995 -0.007 -0.101 -0.000 -0.616 0.018 -0.127 1.000
101.000 0.999 0.023 -0.023 0.016 3.842 0.049 -0.248 1.000
102.000 0.999 0.004 -0.038 0.021 3.818 0.070 -0.131 1.000
103.000 0.999 -0.007 -0.037 0.027 3.787 0.113 -0.139 1.000
104.000 0.999 -0.002 -0.024 0.022 3.760 0.079 -0.238 1.000
105.000 0.999 0.001 -0.033 0.018 3.747 0.055 -0.169 1.000
106.000 0.999 0.011 -0.048 0.018 3.720 0.055 -0.060 1.000
433.000 0.986 -0.047 -0.161 0.011 -4.324 -0.020 -0.745 1.000
107.000 0.999 0.023 -0.036 0.005 3.688 -0.038 -0.152 1.000
108.000 0.998 0.017 -0.066 -0.008 3.660 -0.137 0.064 1.000
109.000 0.995 0.010 -0.099 -0.003 3.620 -0.102 0.305 1.000
110.000 0.999 0.009 -0.054 -0.000 3.607 -0.080 -0.028 1.000
162.000 0.998 0.003 -0.056 -0.013 2.250 -0.089 -0.083 1.000
111.000 0.999 0.008 -0.036 -0.001 3.583 -0.082 -0.157 1.000
112.000 0.999 0.004 -0.047 0.002 3.568 -0.060 -0.078 1.000
479.000 0.988 -0.008 -0.153 -0.028 -5.406 0.380 -0.744 1.000
506.000 0.985 0.002 -0.170 -0.017 -6.087 0.283 -1.014 1.000
115.000 0.997 -0.034 -0.066 0.014 3.483 0.009 0.052 1.000
235.000 0.996 0.013 -0.092 -0.011 0.527 -0.014 -0.055 1.000
116.000 0.998 -0.011 -0.055 0.017 3.455 0.043 -0.027 1.000
236.000 0.995 0.010 -0.095 -0.016 0.502 -0.017 -0.052 1.000
117.000 0.998 -0.014 -0.062 0.021 3.426 0.064 0.021 1.000
118.000 0.998 -0.011 -0.050 0.024 3.401 0.083 -0.065 1.000
258.000 0.997 0.018 -0.070 -0.003 -0.112 0.011 -0.067 1.000
119.000 0.998 -0.009 -0.056 0.022 3.384 0.077 -0.026 1.000
171.000 0.999 0.029 -0.040 -0.004 1.979 -0.030 -0.161 1.000
120.000 0.998 -0.022 -0.064 0.012 3.356 0.008 0.032 1.000
121.000 0.998 -0.021 -0.064 0.022 3.326 0.071 0.028 1.000
123.000 0.998 -0.006 -0.062 0.022 3.270 0.076 0.017 1.000
124.000 0.998 -0.002 -0.047 0.033 3.238 0.149 -0.084 1.000
172.000 0.999 0.033 -0.029 -0.008 1.942 -0.041 -0.203 1.000
125.000 0.999 0.000 -0.041 0.023 3.216 0.090 -0.122 1.000
566.000 0.995 0.010 -0.095 -0.016 0.502 -0.017 -0.052 3.000
127.000 0.997 0.004 -0.069 0.022 3.170 0.077 0.059 1.000
321.000 0.988 -0.013 -0.154 0.002 -1.545 0.030 -0.350 1.000
128.000 0.999 0.008 -0.044 0.010 3.141 0.008 -0.104 1.000
130.000 0.999 0.011 -0.048 0.023 3.082 0.092 -0.082 1.000
131.000 0.999 -0.003 -0.043 0.020 3.055 0.064 -0.114 1.000
133.000 0.997 -0.009 -0.073 0.012 3.016 0.016 0.067 1.000
134.000 0.999 0.005 -0.048 0.017 2.988 0.052 -0.087 1.000
362.000 0.988 -0.014 -0.152 0.016 -2.661 -0.026 -0.495 1.000
135.000 0.998 0.005 -0.052 0.026 2.959 0.104 -0.059 1.000
161.000 0.999 0.012 -0.052 -0.006 2.280 -0.053 -0.101 1.000
136.000 0.995 0.005 -0.086 0.042 2.922 0.198 0.139 1.000
264.000 0.996 0.006 -0.086 -0.006 -0.275 0.015 -0.078 1.000
137.000 0.994 -0.009 -0.105 0.021 2.889 0.076 0.245 1.000
138.000 0.991 -0.011 -0.136 0.006 2.838 -0.010 0.419 1.000
139.000 0.994 -0.010 -0.104 0.007 2.836 -0.009 0.235 1.000
140.000 0.995 -0.012 -0.096 0.000 2.822 -0.046 0.187 1.000
191.000 0.999 -0.005 -0.041 0.020 1.420 0.037 -0.154 1.000
192.000 0.999 -0.012 -0.032 0.027 1.387 0.055 -0.177 1.000
243.000 0.996 0.010 -0.084 -0.009 0.302 -0.005 -0.066 1.000
142.000 0.996 -0.001 -0.086 0.030 2.764 0.120 0.119 1.000
194.000 0.998 0.001 -0.053 0.022 1.331 0.042 -0.117 1.000
143.000 0.997 -0.004 -0.077 0.020 2.738 0.065 0.066 1.000
144.000 0.998 -0.004 -0.058 0.023 2.707 0.083 -0.036 1.000
239.000 0.996 0.010 -0.086 -0.006 0.421 -0.005 -0.061 1.000
292.000 0.996 0.016 -0.076 0.039 -0.795 -0.041 -0.107 1.000
145.000 0.998 0.006 -0.049 0.034 2.674 0.145 -0.086 1.000
147.000 0.999 0.017 -0.044 0.027 2.632 0.108 -0.114 1.000
148.000 0.998 0.016 -0.050 0.019 2.602 0.067 -0.087 1.000
149.000 0.998 0.002 -0.067 0.007 2.574 -0.001 0.002 1.000
150.000 0.999 -0.012 -0.050 0.003 2.543 -0.029 -0.089 1.000
151.000 0.999 -0.023 -0.042 0.007 2.511 -0.010 -0.128 1.000
203.000 0.998 -0.013 -0.062 0.007 1.087 -0.004 -0.094 1.000
152.000 0.997 -0.021 -0.069 0.016 2.484 0.036 0.002 1.000
344.000 0.993 -0.015 -0.118 -0.002 -2.169 0.062 -0.274 1.000
153.000 0.998 -0.011 -0.063 0.021 2.459 0.062 -0.028 1.000
155.000 0.997 -0.003 -0.068 0.022 2.412 0.073 -0.010 1.000
156.000 0.998 -0.001 -0.051 0.026 2.381 0.091 -0.096 1.000
404.000 0.977 -0.046 -0.207 -0.009 -3.458 0.118 -0.993 1.000
157.000 0.999 0.001 -0.048 0.023 2.352 0.079 -0.111 1.000
226.000 0.997 0.013 -0.081 0.003 0.682 0.002 -0.064 1.000
158.000 0.999 0.009 -0.051 0.012 2.324 0.026 -0.100 1.000
159.000 0.999 0.013 -0.049 0.007 2.311 0.004 -0.109 1.000
160.000 0.999 0.014 -0.047 -0.002 2.292 -0.033 -0.122 1.000
448.000 0.997 -0.006 -0.031 -0.070 -4.695 0.741 0.470 1.000
163.000 0.999 -0.000 -0.042 -0.017 2.216 -0.107 -0.146 1.000
219.000 0.998 -0.004 -0.058 0.008 0.784 0.002 -0.097 1.000
164.000 0.999 0.001 -0.039 -0.021 2.182 -0.118 -0.161 1.000
165.000 0.999 0.010 -0.032 -0.022 2.147 -0.120 -0.194 1.000
218.000 0.998 -0.006 -0.061 0.000 0.815 -0.011 -0.094 1.000
166.000 0.999 0.016 -0.032 -0.019 2.116 -0.100 -0.194 1.000
370.000 0.988 0.007 -0.154 0.012 -2.851 -0.005 -0.532 1.000
167.000 0.999 0.010 -0.035 -0.015 2.086 -0.086 -0.183 1.000
168.000 1.000 0.007 -0.027 -0.010 2.059 -0.065 -0.211 1.000
360.000 0.987 -0.018 -0.162 -0.001 -2.597 0.063 -0.547 1.000
169.000 1.000 0.005 -0.019 -0.006 2.036 -0.051 -0.245 1.000
170.000 1.000 0.011 -0.028 -0.005 2.008 -0.040 -0.207 1.000
173.000 0.999 0.031 -0.029 -0.014 1.909 -0.061 -0.202 1.000
176.000 0.999 0.030 -0.016 -0.022 1.828 -0.088 -0.244 1.000
177.000 0.999 0.037 -0.027 -0.022 1.801 -0.085 -0.204 1.000
178.000 0.999 0.030 -0.025 -0.021 1.770 -0.084 -0.212 1.000
205.000 0.998 -0.008 -0.054 0.013 1.067 0.011 -0.112 1.000
179.000 0.999 0.019 -0.020 -0.017 1.738 -0.073 -0.226 1.000
180.000 1.000 0.004 -0.018 -0.007 1.708 -0.046 -0.233 1.000
668.000 0.997 0.012 -0.072 -0.001 -0.171 0.010 -0.068 5.000
181.000 0.999 -0.008 -0.032 0.003 1.685 -0.018 -0.183 1.000
182.000 0.999 -0.007 -0.039 0.007 1.663 -0.004 -0.160 1.000
183.000 0.999 -0.011 -0.040 0.008 1.645 -0.002 -0.156 1.000
184.000 0.998 -0.022 -0.054 0.009 1.617 -0.002 -0.112 1.000
185.000 0.998 -0.021 -0.058 0.006 1.586 -0.009 -0.099 1.000
186.000 0.999 -0.015 -0.048 0.001 1.553 -0.022 -0.130 1.000
446.000 0.997 -0.009 -0.053 -0.063 -4.670 0.679 0.254 1.000
187.000 0.999 -0.004 -0.050 -0.002 1.523 -0.027 -0.127 1.000
189.000 0.999 0.005 -0.041 0.004 1.467 -0.003 -0.153 1.000
241.000 0.997 0.024 -0.079 -0.009 0.358 -0.002 -0.068 1.000
190.000 0.999 -0.000 -0.045 0.009 1.451 0.010 -0.142 1.000
490.000 0.984 -0.014 -0.175 -0.037 -5.638 0.499 -1.024 1.000
193.000 0.998 -0.006 -0.049 0.029 1.362 0.060 -0.128 1.000
195.000 0.998 -0.002 -0.061 0.007 1.302 0.002 -0.094 1.000
196.000 0.998 -0.002 -0.065 -0.004 1.278 -0.027 -0.084 1.000
197.000 0.998 -0.002 -0.066 -0.006 1.260 -0.030 -0.081 1.000
198.000 0.997 -0.006 -0.078 -0.007 1.231 -0.033 -0.050 1.000
311.000 0.992 -0.023 -0.125 -0.006 -1.290 0.047 -0.225 1.000
200.000 0.996 -0.012 -0.083 -0.025 1.169 -0.079 -0.042 1.000
201.000 0.998 -0.028 -0.046 -0.023 1.135 -0.078 -0.126 1.000
204.000 0.998 -0.008 -0.054 0.013 1.067 0.011 -0.112 1.000
206.000 0.999 0.008 -0.051 0.016 1.036 0.019 -0.118 1.000
207.000 0.999 0.008 -0.051 0.016 1.036 0.020 -0.119 1.000
208.000 0.998 0.013 -0.054 0.010 1.007 0.009 -0.112 1.000
336.000 0.995 -0.022 -0.091 0.017 -1.967 -0.015 -0.149 1.000
209.000 0.998 0.013 -0.054 0.010 1.007 0.009 -0.112 1.000
210.000 0.998 0.004 -0.060 0.004 0.978 -0.004 -0.098 1.000
212.000 0.998 -0.002 -0.058 0.005 0.947 -0.005 -0.102 1.000
280.000 0.996 0.010 -0.085 0.017 -0.563 -0.003 -0.102 1.000
213.000 0.998 -0.002 -0.058 0.005 0.947 -0.005 -0.102 1.000
214.000 0.999 -0.009 -0.046 0.001 0.915 -0.013 -0.122 1.000
338.000 0.995 -0.026 -0.100 0.009 -2.022 0.016 -0.185 1.000
215.000 0.999 -0.005 -0.054 -0.001 0.892 -0.016 -0.108 1.000
216.000 0.998 0.002 -0.060 -0.001 0.875 -0.015 -0.099 1.000
228.000 0.996 0.003 -0.088 0.008 0.622 0.005 -0.056 1.000
328.000 0.994 -0.006 -0.105 0.013 -1.759 -0.002 -0.204 1.000
217.000 0.998 -0.002 -0.058 -0.002 0.844 -0.014 -0.100 1.000
220.000 0.998 -0.001 -0.067 0.012 0.755 0.010 -0.083 1.000
221.000 0.998 -0.001 -0.067 0.012 0.755 0.010 -0.082 1.000
222.000 0.997 0.010 -0.072 0.009 0.724 0.008 -0.075 1.000
282.000 0.996 0.003 -0.087 0.006 -0.591 0.010 -0.107 1.000
223.000 0.997 0.010 -0.073 0.009 0.725 0.008 -0.075 1.000
224.000 0.997 0.016 -0.074 0.005 0.700 0.003 -0.074 1.000
225.000 0.997 0.016 -0.074 0.005 0.700 0.003 -0.074 1.000
227.000 0.996 0.007 -0.093 0.005 0.653 0.002 -0.049 1.000
229.000 0.996 0.003 -0.088 0.008 0.622 0.005 -0.055 1.000
230.000 0.996 0.002 -0.091 0.006 0.591 0.002 -0.054 1.000
231.000 0.996 0.001 -0.090 0.006 0.591 0.002 -0.054 1.000
232.000 0.995 0.012 -0.095 -0.001 0.559 -0.006 -0.051 1.000
233.000 0.995 0.012 -0.095 -0.001 0.559 -0.005 -0.050 1.000
234.000 0.996 0.013 -0.092 -0.011 0.527 -0.014 -0.055 1.000
237.000 0.995 0.010 -0.100 -0.015 0.483 -0.016 -0.047 1.000
238.000 0.996 0.007 -0.092 -0.010 0.452 -0.010 -0.055 1.000
298.000 0.994 -0.024 -0.102 0.026 -0.943 -0.029 -0.151 1.000
240.000 0.996 0.024 -0.081 -0.007 0.390 -0.003 -0.067 1.000
432.000 0.987 -0.044 -0.152 0.010 -4.308 -0.011 -0.661 1.000
242.000 0.996 0.017 -0.085 -0.010 0.328 -0.004 -0.065 1.000
318.000 0.990 0.002 -0.143 -0.004 -1.472 0.049 -0.303 1.000
438.000 0.991 -0.015 -0.129 -0.018 -4.485 0.248 -0.468 1.000
244.000 0.996 0.003 -0.087 -0.009 0.283 -0.004 -0.063 1.000
449.000 0.997 -0.009 -0.036 -0.067 -4.721 0.719 0.422 1.000
245.000 0.995 -0.003 -0.099 -0.008 0.252 -0.004 -0.059 1.000
246.000 0.995 -0.000 -0.096 -0.009 0.220 -0.005 -0.063 1.000
314.000 0.990 -0.006 -0.140 -0.005 -1.369 0.049 -0.277 1.000
247.000 0.996 -0.003 -0.089 -0.014 0.188 -0.004 -0.066 1.000
248.000 0.995 0.000 -0.096 -0.010 0.158 -0.001 -0.064 1.000
376.000 0.988 -0.011 -0.151 0.000 -3.024 0.063 -0.535 1.000
249.000 0.995 0.001 -0.096 0.001 0.135 0.004 -0.065 1.000
250.000 0.995 0.002 -0.096 0.007 0.117 0.008 -0.065 1.000
430.000 0.986 -0.037 -0.162 0.021 -4.233 -0.106 -0.747 1.000
251.000 0.996 0.007 -0.090 0.011 0.086 0.008 -0.067 1.000
252.000 0.996 0.016 -0.091 0.009 0.055 0.007 -0.068 1.000
254.000 0.995 0.020 -0.099 0.000 -0.007 0.007 -0.068 1.000
255.000 0.996 0.012 -0.083 0.001 -0.038 0.009 -0.067 1.000
256.000 0.997 0.011 -0.078 0.001 -0.062 0.009 -0.067 1.000
324.000 0.989 -0.001 -0.149 -0.003 -1.622 0.049 -0.349 1.000
257.000 0.997 0.016 -0.076 -0.000 -0.080 0.008 -0.068 1.000
259.000 0.997 0.014 -0.078 -0.004 -0.140 0.012 -0.069 1.000
260.000 0.997 0.013 -0.072 -0.002 -0.171 0.010 -0.068 1.000
261.000 0.998 0.007 -0.065 0.001 -0.202 0.011 -0.065 1.000
262.000 0.997 0.011 -0.077 -0.000 -0.232 0.010 -0.072 1.000
263.000 0.997 0.011 -0.082 -0.003 -0.257 0.012 -0.075 1.000
265.000 0.996 0.001 -0.089 -0.008 -0.288 0.017 -0.080 1.000
308.000 0.991 -0.026 -0.132 -0.011 -1.197 0.053 -0.233 1.000
266.000 0.996 -0.006 -0.092 -0.010 -0.319 0.017 -0.083 1.000
299.000 0.995 -0.030 -0.094 0.021 -0.974 -0.018 -0.136 1.000
267.000 0.997 -0.007 -0.080 -0.009 -0.339 0.018 -0.077 1.000
361.000 0.989 -0.017 -0.147 0.011 -2.642 -0.002 -0.471 1.000
268.000 0.998 -0.006 -0.067 -0.008 -0.372 0.020 -0.068 1.000
269.000 0.997 0.009 -0.075 -0.004 -0.403 0.016 -0.077 1.000
270.000 0.997 0.017 -0.082 0.002 -0.433 0.013 -0.086 1.000
271.000 0.996 0.017 -0.082 0.002 -0.433 0.013 -0.086 1.000
272.000 0.996 0.018 -0.092 0.007 -0.455 0.010 -0.097 1.000
273.000 0.996 0.018 -0.092 0.007 -0.455 0.010 -0.097 1.000
274.000 0.995 0.020 -0.094 0.010 -0.473 0.007 -0.101 1.000
275.000 0.995 0.020 -0.094 0.010 -0.473 0.007 -0.101 1.000
276.000 0.997 0.016 -0.072 0.016 -0.506 -0.000 -0.083 1.000
277.000 0.997 0.016 -0.072 0.016 -0.506 0.000 -0.083 1.000
278.000 0.998 0.008 -0.062 0.017 -0.538 -0.001 -0.074 1.000
279.000 0.996 0.010 -0.084 0.017 -0.563 -0.003 -0.102 1.000
281.000 0.996 0.003 -0.087 0.006 -0.591 0.010 -0.107 1.000
283.000 0.995 -0.007 -0.101 -0.000 -0.616 0.018 -0.126 1.000
285.000 0.993 -0.007 -0.119 -0.002 -0.634 0.020 -0.152 1.000
674.000 0.997 0.017 -0.076 -0.000 -0.081 0.008 -0.068 5.000
287.000 0.993 -0.005 -0.119 -0.008 -0.651 0.029 -0.154 1.000
381.000 0.986 -0.002 -0.165 -0.014 -3.142 0.157 -0.635 1.000
289.000 0.997 0.002 -0.079 -0.008 -0.717 0.031 -0.103 1.000
290.000 0.998 0.010 -0.059 0.005 -0.747 0.012 -0.077 1.000
291.000 0.997 0.013 -0.068 0.025 -0.770 -0.017 -0.093 1.000
347.000 0.995 -0.006 -0.095 0.003 -2.267 0.041 -0.179 1.000
293.000 0.996 0.013 -0.074 0.040 -0.817 -0.044 -0.103 1.000
294.000 0.996 0.010 -0.084 0.037 -0.832 -0.038 -0.119 1.000
295.000 0.995 0.007 -0.100 0.029 -0.858 -0.028 -0.146 1.000
296.000 0.994 -0.004 -0.108 0.020 -0.884 -0.014 -0.162 1.000
364.000 0.988 0.002 -0.151 0.018 -2.708 -0.034 -0.501 1.000
297.000 0.992 -0.018 -0.121 0.023 -0.908 -0.022 -0.185 1.000
301.000 0.993 -0.024 -0.115 0.013 -1.009 -0.005 -0.179 1.000
302.000 0.994 -0.027 -0.109 0.003 -1.041 0.016 -0.170 1.000
304.000 0.994 -0.035 -0.107 -0.001 -1.102 0.026 -0.168 1.000
305.000 0.993 -0.037 -0.114 -0.002 -1.132 0.030 -0.183 1.000
306.000 0.993 -0.029 -0.114 -0.007 -1.163 0.042 -0.186 1.000
307.000 0.993 -0.024 -0.113 -0.010 -1.187 0.051 -0.187 1.000
670.000 0.997 0.010 -0.078 -0.000 -0.232 0.010 -0.072 5.000
309.000 0.989 -0.032 -0.143 -0.009 -1.222 0.049 -0.264 1.000
310.000 0.993 -0.032 -0.117 -0.007 -1.263 0.046 -0.202 1.000
312.000 0.992 -0.007 -0.126 -0.005 -1.321 0.044 -0.231 1.000
313.000 0.992 -0.002 -0.122 -0.005 -1.353 0.047 -0.225 1.000
315.000 0.988 -0.010 -0.151 -0.001 -1.381 0.038 -0.311 1.000
316.000 0.991 -0.015 -0.131 0.002 -1.421 0.028 -0.257 1.000
317.000 0.989 -0.011 -0.147 0.001 -1.441 0.035 -0.308 1.000
320.000 0.987 -0.008 -0.162 -0.001 -1.516 0.042 -0.372 1.000
322.000 0.990 -0.015 -0.144 0.003 -1.568 0.028 -0.321 1.000
323.000 0.985 -0.009 -0.174 0.005 -1.575 0.026 -0.424 1.000
507.000 0.984 -0.004 -0.178 -0.005 -6.104 0.135 -1.112 1.000
325.000 0.992 -0.000 -0.126 -0.008 -1.664 0.069 -0.276 1.000
672.000 0.997 0.011 -0.077 0.001 -0.062 0.009 -0.067 5.000
326.000 0.991 -0.003 -0.134 -0.002 -1.691 0.047 -0.305 1.000
327.000 0.995 -0.006 -0.097 0.008 -1.738 0.013 -0.179 1.000
329.000 0.993 -0.005 -0.118 0.018 -1.770 -0.017 -0.253 1.000
330.000 0.994 0.001 -0.106 0.017 -1.805 -0.016 -0.209 1.000
331.000 0.995 -0.004 -0.103 0.008 -1.835 0.019 -0.197 1.000
332.000 0.993 -0.014 -0.116 0.008 -1.859 0.017 -0.247 1.000
333.000 0.996 -0.023 -0.085 0.013 -1.899 0.002 -0.130 1.000
335.000 0.994 -0.027 -0.100 0.017 -1.947 -0.016 -0.182 1.000
429.000 0.988 -0.034 -0.152 0.013 -4.220 -0.041 -0.658 1.000
339.000 0.996 -0.024 -0.087 0.015 -2.053 -0.009 -0.131 1.000
340.000 0.995 -0.019 -0.100 0.014 -2.079 -0.001 -0.184 1.000
460.000 0.994 -0.008 -0.098 -0.054 -4.917 0.613 -0.170 1.000
341.000 0.996 -0.010 -0.093 0.005 -2.110 0.032 -0.158 1.000
375.000 0.988 -0.017 -0.152 0.002 -2.994 0.052 -0.536 1.000
342.000 0.996 -0.007 -0.092 0.004 -2.122 0.038 -0.153 1.000
343.000 0.994 -0.009 -0.113 0.000 -2.143 0.054 -0.247 1.000
345.000 0.996 -0.015 -0.089 -0.002 -2.210 0.066 -0.148 1.000
346.000 0.995 -0.011 -0.099 -0.001 -2.237 0.062 -0.193 1.000
348.000 0.994 -0.010 -0.107 0.011 -2.292 0.007 -0.236 1.000
349.000 0.992 -0.015 -0.128 0.012 -2.304 -0.000 -0.334 1.000
350.000 0.991 -0.015 -0.133 0.012 -2.318 -0.001 -0.362 1.000
351.000 0.993 -0.014 -0.114 0.010 -2.360 0.008 -0.272 1.000
352.000 0.991 -0.011 -0.131 0.006 -2.380 0.029 -0.357 1.000
353.000 0.993 -0.007 -0.122 0.008 -2.444 0.019 -0.320 1.000
354.000 0.990 -0.009 -0.141 0.011 -2.460 0.002 -0.417 1.000
356.000 0.992 -0.011 -0.126 0.018 -2.511 -0.034 -0.347 1.000
412.000 0.986 -0.014 -0.166 -0.009 -3.747 0.140 -0.722 1.000
467.000 0.994 0.002 -0.082 -0.066 -5.091 0.750 0.019 1.000
357.000 0.989 -0.011 -0.149 0.016 -2.524 -0.020 -0.462 1.000
358.000 0.989 -0.008 -0.146 0.007 -2.556 0.022 -0.453 1.000
359.000 0.988 -0.013 -0.152 -0.003 -2.578 0.077 -0.489 1.000
363.000 0.987 -0.008 -0.160 0.018 -2.671 -0.035 -0.541 1.000
365.000 0.987 0.001 -0.157 0.011 -2.732 0.002 -0.538 1.000
366.000 0.984 0.002 -0.176 0.012 -2.741 -0.005 -0.647 1.000
486.000 0.986 -0.011 -0.166 -0.024 -5.569 0.350 -0.911 1.000
367.000 0.986 0.002 -0.166 0.013 -2.765 -0.011 -0.591 1.000
368.000 0.990 0.000 -0.142 0.013 -2.808 -0.010 -0.461 1.000
436.000 0.991 -0.020 -0.134 -0.009 -4.426 0.162 -0.508 1.000
369.000 0.988 0.002 -0.151 0.012 -2.829 -0.004 -0.513 1.000
633.000 0.996 0.016 -0.091 0.009 0.055 0.007 -0.067 4.000
372.000 0.988 -0.009 -0.153 0.017 -2.901 -0.035 -0.534 1.000
373.000 0.986 -0.017 -0.163 0.018 -2.921 -0.044 -0.594 1.000
374.000 0.989 -0.021 -0.149 0.011 -2.967 -0.002 -0.514 1.000
426.000 0.987 0.015 -0.156 -0.038 -4.130 0.393 -0.680 1.000
377.000 0.987 -0.012 -0.160 0.002 -3.039 0.053 -0.590 1.000
497.000 0.986 0.007 -0.164 -0.017 -5.862 0.270 -0.910 1.000
378.000 0.986 -0.015 -0.164 0.001 -3.051 0.056 -0.619 1.000
379.000 0.988 -0.015 -0.156 0.001 -3.093 0.060 -0.567 1.000
380.000 0.990 -0.013 -0.142 -0.006 -3.138 0.104 -0.482 1.000
382.000 0.983 0.004 -0.180 -0.016 -3.152 0.169 -0.735 1.000
383.000 0.983 0.004 -0.180 -0.016 -3.152 0.169 -0.734 1.000
384.000 0.984 -0.001 -0.180 -0.015 -3.164 0.163 -0.734 1.000
385.000 0.984 -0.002 -0.180 -0.015 -3.164 0.162 -0.735 1.000
386.000 0.985 -0.024 -0.167 -0.017 -3.210 0.174 -0.662 1.000
562.000 0.985 0.005 -0.169 -0.020 -6.294 0.321 -1.014 2.000
387.000 0.985 -0.024 -0.167 -0.017 -3.210 0.175 -0.662 1.000
481.000 0.988 -0.016 -0.154 -0.024 -5.456 0.349 -0.763 1.000
388.000 0.984 -0.032 -0.173 -0.017 -3.232 0.169 -0.708 1.000
389.000 0.984 -0.031 -0.173 -0.017 -3.233 0.170 -0.706 1.000
482.000 0.987 -0.009 -0.157 -0.027 -5.468 0.382 -0.792 1.000
391.000 0.983 -0.027 -0.180 -0.019 -3.252 0.190 -0.752 1.000
392.000 0.981 -0.013 -0.191 -0.020 -3.266 0.199 -0.826 1.000
393.000 0.982 -0.002 -0.186 -0.026 -3.301 0.242 -0.799 1.000
468.000 0.993 -0.000 -0.093 -0.066 -5.108 0.759 -0.098 1.000
502.000 0.986 -0.003 -0.164 -0.019 -5.996 0.296 -0.927 1.000
394.000 0.982 -0.002 -0.186 -0.025 -3.301 0.242 -0.801 1.000
488.000 0.985 -0.004 -0.170 -0.041 -5.600 0.539 -0.955 1.000
519.000 0.988 0.013 -0.149 -0.029 -6.269 0.429 -0.752 2.000
395.000 0.980 -0.025 -0.193 -0.038 -3.311 0.322 -0.856 1.000
396.000 0.980 -0.025 -0.192 -0.038 -3.311 0.322 -0.854 1.000
397.000 0.983 -0.039 -0.181 -0.011 -3.372 0.135 -0.780 1.000
398.000 0.983 -0.039 -0.181 -0.011 -3.373 0.135 -0.779 1.000
399.000 0.984 -0.027 -0.177 0.003 -3.404 0.043 -0.756 1.000
400.000 0.984 -0.027 -0.177 0.003 -3.404 0.043 -0.756 1.000
401.000 0.983 -0.024 -0.180 0.005 -3.418 0.032 -0.776 1.000
444.000 0.993 0.002 -0.107 -0.041 -4.640 0.461 -0.247 1.000
402.000 0.984 -0.027 -0.177 0.015 -3.454 -0.043 -0.756 1.000
503.000 0.988 -0.012 -0.152 -0.024 -6.030 0.362 -0.784 1.000
403.000 0.983 -0.033 -0.183 0.008 -3.475 0.010 -0.807 1.000
405.000 0.984 -0.038 -0.173 0.003 -3.551 0.039 -0.750 1.000
406.000 0.984 -0.028 -0.176 0.004 -3.569 0.038 -0.779 1.000
458.000 0.996 -0.034 -0.068 -0.056 -4.862 0.657 0.114 1.000
408.000 0.986 -0.021 -0.162 0.019 -3.637 -0.068 -0.676 1.000
409.000 0.985 -0.026 -0.172 0.005 -3.652 0.036 -0.760 1.000
410.000 0.983 -0.034 -0.180 -0.006 -3.666 0.111 -0.826 1.000
422.000 0.978 -0.004 -0.209 -0.021 -3.925 0.242 -1.104 1.000
413.000 0.986 -0.009 -0.165 -0.006 -3.773 0.116 -0.717 1.000
414.000 0.987 -0.003 -0.161 -0.000 -3.798 0.077 -0.684 1.000
415.000 0.985 -0.005 -0.171 -0.012 -3.810 0.170 -0.764 1.000
416.000 0.986 -0.015 -0.167 -0.015 -3.844 0.187 -0.742 1.000
417.000 0.989 -0.012 -0.146 -0.005 -3.905 0.115 -0.577 1.000
418.000 0.990 -0.003 -0.140 -0.014 -3.939 0.187 -0.530 1.000
419.000 0.986 0.010 -0.168 -0.017 -3.932 0.215 -0.759 1.000
420.000 0.985 0.010 -0.169 -0.024 -3.952 0.271 -0.766 1.000
421.000 0.981 0.003 -0.191 -0.031 -3.927 0.329 -0.947 1.000
474.000 0.993 0.006 -0.113 -0.034 -5.306 0.443 -0.303 1.000
671.000 0.997 0.014 -0.078 -0.004 -0.140 0.012 -0.069 5.000
424.000 0.988 -0.003 -0.157 -0.008 -4.084 0.148 -0.688 1.000
425.000 0.992 0.010 -0.126 -0.024 -4.144 0.273 -0.428 1.000
427.000 0.982 -0.018 -0.185 -0.032 -4.109 0.337 -0.939 1.000
428.000 0.984 -0.036 -0.175 -0.013 -4.152 0.178 -0.863 1.000
431.000 0.988 -0.030 -0.148 0.024 -4.281 -0.134 -0.628 1.000
434.000 0.990 -0.024 -0.140 0.010 -4.375 -0.012 -0.560 1.000
435.000 0.990 -0.018 -0.137 0.001 -4.395 0.076 -0.536 1.000
437.000 0.991 -0.008 -0.133 -0.002 -4.459 0.098 -0.493 1.000
440.000 0.993 -0.016 -0.120 -0.012 -4.553 0.196 -0.383 1.000
441.000 0.993 -0.009 -0.120 -0.021 -4.573 0.274 -0.374 1.000
442.000 0.993 -0.005 -0.116 -0.026 -4.590 0.319 -0.338 1.000
443.000 0.993 0.005 -0.115 -0.025 -4.620 0.307 -0.326 1.000
445.000 0.996 -0.011 -0.068 -0.058 -4.654 0.626 0.109 1.000
514.000 1.000 -0.002 -0.001 0.000 6.130 -0.195 -0.474 1.000
447.000 0.997 -0.003 -0.043 -0.068 -4.686 0.717 0.361 1.000
450.000 0.997 -0.009 -0.036 -0.067 -4.721 0.719 0.421 1.000
451.000 0.997 -0.018 -0.053 -0.053 -4.777 0.605 0.258 1.000
452.000 0.997 -0.018 -0.053 -0.053 -4.777 0.605 0.257 1.000
453.000 0.997 -0.029 -0.058 -0.048 -4.814 0.571 0.205 1.000
454.000 0.997 -0.029 -0.058 -0.048 -4.814 0.572 0.207 1.000
455.000 0.996 -0.040 -0.057 -0.051 -4.836 0.616 0.215 1.000
457.000 0.996 -0.034 -0.068 -0.056 -4.862 0.656 0.111 1.000
459.000 0.994 -0.015 -0.095 -0.060 -4.888 0.675 -0.138 1.000
462.000 0.995 0.001 -0.089 -0.039 -4.982 0.467 -0.068 1.000
463.000 0.996 0.005 -0.084 -0.034 -5.015 0.412 -0.014 1.000
464.000 0.996 0.010 -0.079 -0.040 -5.039 0.472 0.045 1.000
465.000 0.995 0.017 -0.078 -0.055 -5.053 0.623 0.060 1.000
466.000 0.995 0.008 -0.073 -0.062 -5.071 0.705 0.114 1.000
469.000 0.994 -0.006 -0.093 -0.065 -5.138 0.757 -0.097 1.000
470.000 0.994 -0.004 -0.089 -0.065 -5.168 0.757 -0.060 1.000
471.000 0.994 0.002 -0.095 -0.060 -5.205 0.702 -0.118 1.000
473.000 0.992 0.006 -0.117 -0.041 -5.275 0.514 -0.343 1.000
475.000 0.994 0.004 -0.109 -0.030 -5.328 0.403 -0.265 1.000
476.000 0.992 0.008 -0.125 -0.032 -5.347 0.422 -0.432 1.000
477.000 0.991 0.009 -0.131 -0.035 -5.369 0.454 -0.499 1.000
478.000 0.990 -0.004 -0.134 -0.032 -5.397 0.425 -0.536 1.000
480.000 0.988 -0.017 -0.155 -0.022 -5.434 0.318 -0.774 1.000
483.000 0.989 -0.006 -0.146 -0.030 -5.510 0.409 -0.677 1.000
485.000 0.984 -0.007 -0.174 -0.023 -5.527 0.339 -0.991 1.000
487.000 0.985 -0.008 -0.169 -0.032 -5.587 0.440 -0.942 1.000
489.000 0.986 -0.009 -0.162 -0.042 -5.629 0.563 -0.868 1.000
491.000 0.984 -0.008 -0.173 -0.034 -5.675 0.468 -1.000 1.000
492.000 0.986 -0.006 -0.161 -0.033 -5.727 0.458 -0.864 1.000
493.000 0.986 0.006 -0.161 -0.037 -5.755 0.501 -0.856 1.000
567.000 0.997 0.024 -0.079 -0.009 0.358 -0.002 -0.068 3.000
494.000 0.986 0.012 -0.166 -0.031 -5.779 0.433 -0.925 1.000
515.000 1.000 -0.001 -0.011 0.001 6.155 -0.191 -0.357 1.000
498.000 0.989 0.005 -0.149 -0.013 -5.915 0.232 -0.737 1.000
499.000 0.988 0.013 -0.152 -0.022 -5.936 0.327 -0.775 1.000
500.000 0.987 0.012 -0.161 -0.022 -5.950 0.334 -0.878 1.000
504.000 0.986 -0.015 -0.164 -0.025 -6.035 0.374 -0.935 1.000
508.000 0.986 -0.000 -0.168 -0.005 -6.155 0.132 -0.984 1.000
509.000 0.988 0.001 -0.156 -0.008 -6.198 0.165 -0.836 1.000
583.000 0.983 -0.033 -0.183 0.007 -3.475 0.013 -0.808 3.000
510.000 0.988 0.005 -0.154 -0.012 -6.216 0.220 -0.812 1.000
511.000 0.988 0.018 -0.153 -0.025 -6.239 0.377 -0.790 1.000
512.000 0.999 -0.013 -0.029 0.032 6.029 0.183 -0.144 1.000
513.000 1.000 0.005 0.011 0.013 6.061 -0.030 -0.628 1.000
516.000 1.000 -0.001 -0.008 0.007 6.109 -0.111 -0.393 1.000
632.000 0.996 0.007 -0.090 0.011 0.086 0.007 -0.066 4.000
517.000 1.000 -0.004 -0.008 0.021 6.052 0.053 -0.389 1.000
518.000 0.999 -0.005 -0.008 0.033 5.988 0.205 -0.393 1.000
575.000 0.998 -0.006 -0.067 -0.008 -0.372 0.019 -0.068 3.000
520.000 0.987 0.007 -0.159 -0.022 -6.284 0.348 -0.881 2.000
572.000 0.996 0.008 -0.092 -0.010 0.452 -0.010 -0.055 3.000
673.000 0.997 0.018 -0.070 -0.003 -0.112 0.011 -0.067 5.000
568.000 0.996 0.016 -0.085 -0.009 0.328 -0.004 -0.064 3.000
569.000 0.996 0.024 -0.081 -0.007 0.390 -0.003 -0.066 3.000
570.000 0.995 0.010 -0.100 -0.015 0.483 -0.016 -0.047 3.000
571.000 0.996 0.010 -0.086 -0.007 0.421 -0.005 -0.061 3.000
582.000 0.983 -0.024 -0.180 0.005 -3.418 0.031 -0.777 3.000
573.000 0.996 -0.006 -0.092 -0.010 -0.319 0.017 -0.083 3.000
574.000 0.997 -0.007 -0.080 -0.009 -0.339 0.018 -0.077 3.000
576.000 0.997 0.008 -0.075 -0.004 -0.403 0.016 -0.077 3.000
577.000 0.997 0.011 -0.082 -0.003 -0.257 0.012 -0.075 3.000
578.000 0.996 0.006 -0.086 -0.006 -0.275 0.015 -0.078 3.000
579.000 0.996 0.001 -0.089 -0.008 -0.288 0.017 -0.080 3.000
580.000 0.981 -0.013 -0.191 -0.020 -3.266 0.199 -0.825 3.000
581.000 0.984 -0.027 -0.177 0.015 -3.454 -0.043 -0.757 3.000
630.000 0.995 0.020 -0.099 0.000 -0.006 0.007 -0.067 4.000
629.000 0.995 0.001 -0.097 0.001 0.135 0.004 -0.064 4.000
634.000 0.995 0.018 -0.101 0.002 0.025 0.008 -0.067 4.000
667.000 0.996 0.012 -0.083 0.001 -0.038 0.009 -0.067 5.000
669.000 0.998 0.007 -0.065 0.001 -0.202 0.011 -0.065 5.000
