# Frame#, accumulative distance outliers
4 1
4 2
4 3
4 4
4 5
4 6
4 7
4 8
4 9
5 10
5 11
5 12
5 13
5 14
5 15
5 16
5 17
5 18
5 19
5 20
5 21
5 22
5 23
5 24
5 25
5 26
5 27
5 28
6 29
6 30
24 31
27 32
28 33
28 34
29 35
29 36
29 37
31 38
31 39
32 40
33 41
33 42
53 43
54 44
73 45
75 46
75 47
75 48
77 49
77 50
77 51
78 52
78 53
79 54
79 55
92 56
93 57
96 58
96 59
97 60
99 61
99 62
101 63
101 64
102 65
102 66
102 67
102 68
103 69
104 70
105 71
106 72
108 73
122 74
170 75
187 76
188 77
193 78
193 79
194 80
194 81
194 82
194 83
194 84
194 85
194 86
194 87
194 88
195 89
195 90
195 91
195 92
210 93
210 94
252 95
263 96
263 97
264 98
264 99
280 100
326 101
341 102
341 103
344 104
346 105
346 106
348 107
348 108
350 109
350 110
350 111
351 112
351 113
351 114
352 115
352 116
352 117
352 118
354 119
354 120
365 121
365 122
366 123
368 124
368 125
368 126
369 127
369 128
370 129
371 130
372 131
373 132
373 133
373 134
373 135
375 136
375 137
375 138
375 139
375 140
376 141
376 142
376 143
376 144
376 145
376 146
377 147
377 148
377 149
377 150
377 151
378 152
378 153
379 154
379 155
379 156
379 157
379 158
379 159
380 160
380 161
380 162
381 163
381 164
382 165
382 166
382 167
382 168
382 169
382 170
383 171
383 172
383 173
383 174
383 175
383 176
383 177
383 178
383 179
383 180
384 181
384 182
384 183
385 184
385 185
385 186
385 187
385 188
385 189
385 190
386 191
386 192
386 193
386 194
386 195
386 196
387 197
387 198
388 199
388 200
388 201
388 202
389 203
389 204
389 205
389 206
390 207
390 208
390 209
391 210
392 211
392 212
392 213
392 214
393 215
393 216
393 217
393 218
393 219
394 220
394 221
394 222
394 223
394 224
394 225
395 226
395 227
396 228
397 229
397 230
397 231
397 232
397 233
397 234
397 235
399 236
421 237
439 238
441 239
466 240
480 241
480 242
480 243
480 244
483 245
483 246
483 247
483 248
492 249
492 250
