# 3D positions of fruits(X, Y, Z)
-9.10 -0.86 3.92
-8.12 0.20 4.23
-7.98 0.04 4.25
-8.21 -0.08 4.27
-8.00 -0.20 3.97
-7.96 -0.66 4.05
-8.25 -0.86 4.18
-8.10 -0.96 4.18
-8.73 -1.02 4.09
-8.19 -1.21 4.36
-9.96 0.18 3.74
-8.12 0.20 4.23
-7.99 0.06 4.28
-8.21 -0.08 4.27
-8.12 -0.21 3.92
-9.96 -0.43 3.72
-8.08 -0.86 4.30
-8.04 -0.99 4.42
-8.15 -1.16 4.31
-8.30 -0.51 3.94
-8.82 0.37 3.79
-9.08 0.10 3.70
-9.17 -0.33 3.85
-8.64 -0.36 3.63
-8.59 -0.48 3.72
-8.61 -0.47 3.60
-9.54 -0.96 3.59
-9.33 -0.83 3.61
-5.52 -0.02 0.24
-5.27 -0.37 0.27
-8.87 -0.45 3.70
-9.10 -0.86 3.92
-8.94 -0.16 3.71
-9.53 -0.65 3.99
-9.75 0.08 3.76
-9.05 0.09 3.65
-9.40 -0.26 3.50
-8.87 -0.46 3.67
-9.42 -0.57 3.64
-9.63 -0.59 3.62
-8.88 -0.58 3.77
-9.52 -0.97 3.64
-9.26 -0.83 3.75
-9.10 -0.86 3.92
-8.81 -1.06 4.01
-9.02 -1.25 4.14
-8.94 -0.97 4.03
-5.26 0.71 0.78
-9.18 -0.33 3.86
-9.39 0.08 3.75
-9.24 -0.97 3.76
-5.30 -0.25 0.28
-5.29 0.71 0.64
-5.22 -0.15 0.31
-6.16 0.71 0.59
-5.03 -0.10 0.42
-5.58 -0.17 0.24
-5.59 -0.07 0.27
-5.61 -0.28 0.30
-5.57 -0.07 0.28
-5.52 -0.04 0.25
-5.11 -0.03 0.28
-5.59 0.70 1.00
-5.21 0.01 0.31
-4.63 0.72 0.73
-5.59 0.70 1.00
-5.37 0.71 0.74
-4.22 -0.27 0.57
-5.34 0.71 1.02
-4.64 0.47 0.58
-4.13 -0.20 0.57
-4.28 0.38 0.68
-4.10 -0.31 0.58
-4.81 -0.03 0.46
-4.30 -0.11 0.47
-4.69 -0.05 0.50
-4.74 -0.27 0.56
-4.79 -1.00 0.62
-4.79 -0.98 0.64
-4.81 -0.95 0.62
-4.11 -0.31 0.56
-4.26 -0.18 0.48
-4.63 0.48 0.59
-4.47 -0.23 0.46
-4.19 0.13 0.54
-4.38 0.47 0.68
-4.21 -0.28 0.58
-3.94 0.08 0.57
-3.22 -0.26 1.75
-3.16 -0.46 1.74
-3.18 -0.16 1.65
-4.06 -0.07 0.56
-4.29 0.51 0.73
-3.80 0.11 0.75
-3.83 0.09 0.67
-4.02 0.25 0.64
-3.99 0.37 0.61
-3.79 -0.70 0.74
-3.14 -0.03 1.52
-4.06 0.74 0.85
-3.92 -0.02 0.64
-3.86 -0.10 0.66
-3.06 -0.42 1.30
-3.68 -0.49 1.54
-4.11 0.74 1.15
-3.81 -0.56 0.66
-3.79 0.12 0.73
-3.82 -0.68 0.70
-3.79 -0.70 0.74
-3.84 0.32 0.76
-3.83 -0.65 0.69
-2.48 -1.47 2.30
-3.81 -0.22 0.91
-3.72 -0.28 1.02
-3.15 -0.15 1.41
-2.99 0.09 1.42
-3.15 0.75 1.34
-3.77 0.41 1.39
-3.79 0.37 1.27
-3.79 0.72 1.62
-3.65 0.18 1.40
-3.14 -0.01 1.56
-3.57 0.74 1.45
-3.66 -0.12 1.57
-3.74 0.60 1.91
-3.58 -0.47 1.50
-3.27 0.72 2.43
-3.51 -0.42 1.53
-3.30 0.73 2.44
-3.95 0.70 2.51
-1.92 -0.06 0.78
-2.23 0.01 0.76
-1.91 -0.06 0.73
-1.38 0.32 0.99
-1.64 0.13 0.80
-1.86 0.43 0.91
-1.92 0.19 0.66
-1.64 0.13 0.80
-1.88 -0.03 0.73
-1.69 -0.18 0.76
-1.29 0.64 1.09
-1.30 -0.40 0.83
-1.66 0.38 0.93
-1.85 -0.51 0.78
-1.97 0.48 0.87
-1.46 0.40 1.03
-1.58 -0.25 0.87
-1.69 0.25 0.72
-1.67 -0.03 0.74
-1.60 0.25 0.85
-1.63 0.15 0.80
-1.58 -0.25 0.87
-1.68 0.41 0.94
-1.27 -0.45 0.85
-1.01 -0.37 0.85
-1.05 -0.08 0.96
-1.35 -0.47 0.83
-1.27 -0.45 0.85
-1.30 -0.41 0.82
-0.78 -0.06 0.95
-0.05 0.77 2.93
-1.12 -0.27 0.83
-0.59 -0.22 1.11
-1.16 0.33 0.91
-0.34 0.16 1.38
-0.09 0.04 1.36
-0.90 -0.35 0.85
-0.24 -0.16 1.26
0.08 0.80 1.77
-0.90 -0.35 0.85
-0.32 -0.06 1.34
-0.45 -0.16 1.19
-0.46 -0.05 1.22
-0.49 -0.19 1.22
-0.21 -0.28 1.38
-0.50 -0.20 1.25
0.09 0.13 2.68
-0.45 -0.62 1.35
-0.46 -0.07 1.24
-0.32 -0.07 1.32
-0.28 -0.32 1.37
0.37 -0.52 1.18
-0.30 -0.37 1.36
0.27 0.79 1.16
-0.32 0.18 1.45
-0.29 -0.25 1.33
-0.26 0.10 1.35
-0.02 0.79 2.14
-0.20 -0.18 1.30
0.46 -0.38 1.15
0.64 -0.54 1.13
0.35 0.01 1.48
0.79 -0.15 1.28
0.76 -0.51 1.20
-0.20 0.26 1.49
-0.09 0.07 1.40
-0.12 0.06 1.41
-0.07 0.77 2.94
0.86 -0.00 1.35
0.84 -0.64 1.20
0.39 -0.54 1.15
0.91 -0.17 1.28
0.02 -0.22 1.45
0.74 -0.09 1.29
0.59 -0.33 1.17
0.76 0.12 1.34
0.64 -0.32 1.16
0.74 0.60 1.57
0.79 0.48 1.48
0.93 0.03 1.37
0.74 -0.61 1.19
0.47 -0.23 1.24
0.07 0.80 1.78
0.40 -0.33 1.19
0.51 0.44 1.58
0.94 0.03 1.36
1.23 -0.12 1.07
1.14 -0.31 1.36
1.25 0.15 1.36
0.53 -0.27 1.25
0.50 -0.23 1.25
0.59 -0.33 1.17
0.68 -0.44 1.13
0.45 -0.01 1.37
0.74 -0.10 1.29
0.82 -0.64 1.21
0.83 0.49 1.47
0.85 -0.50 1.23
0.44 0.35 1.56
0.56 0.00 1.33
0.61 -0.32 1.18
0.68 -0.31 1.12
0.59 -0.17 1.33
0.75 0.81 1.58
0.72 0.09 1.31
0.82 -0.64 1.20
0.68 0.12 1.29
0.76 -0.10 1.30
0.78 0.30 1.38
0.90 -0.09 1.34
0.96 0.03 1.36
0.88 0.34 1.42
0.81 0.19 1.36
1.15 -0.56 1.15
0.90 0.49 1.53
0.82 -0.08 1.33
1.33 -0.00 1.22
1.23 -0.44 1.39
0.86 -0.01 1.34
0.77 0.12 1.34
1.17 0.20 1.38
1.55 0.49 1.28
0.84 0.28 1.40
0.91 -0.49 1.30
0.87 0.01 1.36
1.29 -0.52 1.15
1.14 -0.40 1.41
0.90 0.35 1.38
0.90 0.49 1.53
1.58 0.58 1.30
1.50 0.11 1.29
1.47 0.56 1.27
1.90 -0.25 1.42
1.40 0.30 1.20
1.37 -0.60 1.20
1.41 0.18 1.23
1.44 0.06 1.26
1.48 -0.22 1.15
1.51 0.32 1.26
1.50 0.10 1.27
1.53 -0.32 1.21
1.48 0.57 1.28
1.51 0.55 1.28
1.58 0.46 1.25
2.27 -0.24 1.31
2.25 -0.36 1.21
1.59 -0.53 1.47
1.74 0.11 1.17
2.67 -0.47 2.59
2.20 0.84 1.55
2.22 0.23 1.86
1.93 -0.62 1.17
1.93 -0.62 1.17
1.89 -0.26 1.35
1.88 -0.23 1.34
2.28 -0.39 1.20
2.71 0.15 1.98
2.21 0.04 1.52
2.02 -0.42 1.24
2.51 0.31 1.79
2.14 -0.27 1.23
2.16 -0.43 1.22
2.22 0.08 1.86
2.35 0.42 1.90
2.99 -0.07 2.06
3.03 0.47 1.82
2.24 0.22 1.85
2.21 0.05 1.83
3.04 -0.12 1.95
3.16 0.12 1.91
3.02 -0.15 1.98
3.31 -1.11 2.44
2.12 -0.10 1.38
2.16 -0.43 1.21
3.02 -0.17 1.87
2.47 0.54 1.87
1.86 0.05 1.79
2.29 -0.37 1.19
2.14 0.07 1.45
2.23 -0.17 1.33
2.19 0.04 1.51
2.34 0.17 1.88
2.72 0.24 2.01
2.65 0.05 1.89
3.26 0.29 1.47
2.36 -0.43 2.57
2.23 0.23 1.86
2.36 0.42 1.91
3.00 -0.07 2.06
2.32 -0.35 2.14
2.45 -0.54 2.67
3.31 -1.08 2.47
2.33 -0.21 1.64
2.34 0.18 1.88
2.42 0.65 1.91
2.36 -0.80 2.65
2.72 0.15 1.95
2.46 -0.44 1.76
3.31 -0.02 1.75
3.34 -0.17 1.76
2.24 -0.64 2.50
3.03 -0.11 1.97
3.35 0.60 1.48
3.57 0.72 1.65
2.60 0.37 1.90
2.21 -0.50 2.43
3.32 0.45 1.45
3.30 0.23 1.51
3.23 -0.22 1.72
3.46 -0.32 1.75
3.74 -0.59 1.98
3.30 0.61 1.51
3.89 -0.61 1.82
3.81 0.47 1.72
3.29 -0.99 2.31
2.34 -0.73 2.60
2.17 -0.84 2.49
2.58 0.38 1.93
2.23 -0.51 2.40
3.32 0.46 1.46
2.62 0.12 2.00
3.76 0.28 1.73
3.90 -0.43 1.75
3.73 0.22 1.64
2.39 -0.84 2.57
2.61 0.62 2.05
2.42 -0.88 2.59
2.51 -0.39 2.60
3.27 -0.26 1.71
3.96 0.36 1.59
3.43 0.15 1.58
2.47 -0.31 2.72
4.16 -0.39 1.80
4.02 -0.57 1.66
3.79 0.29 1.75
3.28 -0.25 1.70
3.31 0.51 1.43
3.29 0.28 1.46
3.08 -0.17 1.80
3.33 0.53 1.43
3.33 0.45 1.44
3.27 0.27 1.44
3.58 0.71 1.64
3.34 0.59 1.48
3.31 0.52 1.43
3.28 -0.25 1.70
3.60 0.16 1.47
3.76 -0.41 1.92
3.77 -0.30 1.96
3.10 -0.55 1.81
3.31 0.22 1.51
3.39 0.51 1.44
3.33 0.59 1.48
3.33 0.52 1.43
3.12 -0.15 1.77
3.24 -0.09 1.81
3.44 -0.07 1.76
3.43 -0.25 1.77
3.42 0.20 1.55
3.55 -0.54 1.72
3.89 -0.61 1.82
3.95 0.38 1.58
4.06 0.36 1.61
4.39 0.20 1.89
4.25 -0.06 1.81
3.95 0.35 1.58
4.45 -0.54 1.55
3.29 -0.26 1.69
3.59 0.70 1.64
3.24 -0.09 1.81
3.37 0.64 1.64
3.46 -0.08 1.77
3.65 -0.44 1.92
4.14 -0.16 1.79
4.67 -0.24 1.67
3.92 0.67 1.75
4.05 0.64 1.77
3.84 -0.20 1.77
4.06 0.35 1.61
3.50 -0.46 1.69
4.05 0.65 1.77
4.40 0.29 1.84
4.48 -0.10 1.76
4.59 -0.37 1.53
4.60 -0.42 1.50
4.68 0.46 1.80
4.62 -0.06 1.74
3.46 -0.32 1.75
3.61 0.15 1.46
3.52 -0.53 1.71
4.43 -0.25 1.61
4.06 0.36 1.61
4.68 -0.24 1.67
4.41 0.30 1.84
4.10 -0.02 1.86
3.90 -0.55 1.87
3.56 -0.35 1.76
3.48 -0.08 1.88
4.57 -0.23 1.61
4.68 -0.25 1.67
3.98 -0.74 1.78
4.71 -0.32 1.66
4.46 -0.24 1.57
4.61 -0.16 1.68
3.99 -1.23 2.04
4.05 0.65 1.77
3.97 0.49 1.61
4.59 0.63 1.91
4.73 0.36 1.83
3.63 0.28 1.66
3.78 0.31 1.75
3.77 0.33 1.74
3.60 -0.45 1.94
3.85 -0.25 1.73
4.73 0.36 1.83
4.68 0.44 1.80
4.00 -0.39 1.75
4.00 -0.31 1.77
3.98 0.52 1.67
4.07 -0.51 1.66
3.92 -0.17 1.73
4.07 0.63 1.75
4.44 -0.25 1.60
4.13 -0.16 1.81
4.66 0.40 1.76
4.47 -0.63 1.53
4.67 0.08 1.81
4.57 -0.37 1.53
4.01 -0.30 1.75
4.03 -0.24 1.76
4.08 0.36 1.62
4.09 -0.27 1.78
4.44 -0.25 1.60
4.57 -0.44 1.47
5.12 -0.49 1.47
4.07 0.63 1.76
4.59 -0.93 1.65
4.34 -0.60 1.48
4.32 -0.49 1.48
4.40 0.28 1.83
4.11 -0.03 1.85
4.16 -0.42 1.73
4.67 0.47 1.80
5.01 0.28 1.81
4.39 -0.31 1.62
4.60 -0.43 1.51
4.98 -0.21 1.60
4.69 -0.52 1.51
4.68 0.42 1.80
5.22 -0.10 1.58
4.28 -0.28 1.70
4.56 -0.48 1.46
4.44 -0.23 1.60
4.68 0.20 1.74
4.78 0.05 1.76
4.62 -0.23 1.66
4.77 0.05 1.77
5.62 0.69 2.31
4.39 -0.31 1.62
4.56 -0.48 1.46
4.59 -0.38 1.52
4.52 -0.67 1.55
4.53 -0.34 1.54
4.59 -0.44 1.47
4.62 -0.22 1.67
4.61 -0.34 1.55
4.37 0.10 1.85
4.73 -0.47 1.64
5.07 -0.15 1.55
4.98 0.05 1.70
5.21 -0.10 1.57
5.64 -0.03 1.94
4.61 -0.44 1.52
4.73 0.28 1.82
5.41 -0.30 1.60
4.69 -0.24 1.68
4.61 -0.07 1.74
4.62 -0.16 1.68
4.62 -0.23 1.66
4.65 -0.92 1.66
4.71 -0.54 1.50
4.64 0.16 1.77
5.06 -0.14 1.55
4.70 0.09 1.84
4.73 0.36 1.83
4.70 0.35 1.82
6.04 0.09 2.66
5.54 0.00 1.86
5.17 0.36 1.80
4.98 -0.05 1.65
5.60 0.75 2.38
4.92 0.23 1.74
5.58 -0.21 1.76
4.83 -0.00 1.68
4.70 0.11 1.90
4.89 -0.27 1.64
5.13 -1.15 2.00
4.98 -0.05 1.65
5.54 -0.55 1.63
4.89 0.80 1.88
4.87 0.62 1.88
5.06 -0.19 1.51
5.06 -0.48 1.46
5.05 -0.13 1.57
5.01 0.28 1.80
4.98 0.20 1.75
5.07 0.09 1.67
5.00 0.04 1.70
5.30 -0.09 1.59
5.41 -0.30 1.60
5.75 0.06 1.96
5.24 0.20 1.83
4.97 0.28 1.76
4.97 0.40 1.81
6.53 0.04 2.40
5.20 0.11 1.66
5.28 -0.72 1.60
5.16 0.42 1.82
5.12 0.17 1.73
5.39 -0.41 1.55
5.53 -0.54 1.62
5.52 -0.03 1.83
5.21 -0.10 1.56
5.70 -0.75 2.08
5.32 0.04 1.69
5.17 0.57 1.95
5.19 0.34 1.78
5.24 0.16 1.72
5.27 0.35 1.82
5.37 -0.24 1.57
5.51 0.70 2.34
5.55 0.18 1.90
5.75 0.06 1.96
5.97 0.29 2.72
5.59 -0.22 1.76
5.63 -0.04 1.92
5.66 0.47 2.39
6.00 0.22 2.68
5.69 -0.39 1.88
5.68 -0.02 1.91
5.68 -0.20 1.90
5.41 0.90 2.14
5.32 0.61 2.13
5.52 -0.02 1.83
5.75 0.06 1.97
5.69 -0.21 1.89
5.68 -0.02 1.91
5.45 -0.03 1.84
5.63 -0.04 1.93
5.47 0.36 2.01
5.50 0.11 1.87
5.51 0.70 2.34
6.48 0.34 1.94
6.63 0.60 1.84
6.75 0.67 1.83
5.64 -0.02 1.93
5.73 -0.32 1.92
5.69 -0.01 1.92
5.63 0.70 2.33
5.68 -0.22 1.87
5.68 0.48 2.39
5.83 0.39 2.47
6.23 0.58 2.13
6.04 0.09 2.65
5.74 0.06 1.97
5.63 0.90 2.15
6.01 0.22 2.70
5.84 -0.10 1.99
6.47 -0.87 2.71
6.34 0.60 1.91
6.66 0.62 1.85
6.48 0.33 1.93
6.63 -0.71 2.85
6.45 -0.29 2.94
6.64 0.70 1.90
6.67 -0.56 2.55
5.77 -0.37 2.00
6.75 0.66 1.82
6.37 0.77 1.96
6.71 0.76 1.88
6.06 0.34 2.92
7.04 -0.32 1.82
6.51 0.67 1.83
5.51 0.70 2.33
6.36 0.32 1.86
5.66 0.24 2.38
5.97 0.29 2.72
6.93 -0.77 2.54
