1.000 0.987 -0.066 0.140 -0.040 6.022 -0.383 -0.752 1.000
87.000 0.999 -0.047 0.005 -0.015 -5.547 0.028 -0.370 1.000
2.000 0.993 -0.054 0.099 -0.032 5.940 -0.269 -0.269 1.000
3.000 0.994 -0.047 0.098 -0.001 4.967 0.096 -0.319 1.000
4.000 0.996 -0.037 0.087 0.001 4.889 0.110 -0.206 1.000
28.000 0.999 -0.034 0.040 0.003 1.947 0.060 0.030 1.000
5.000 0.996 -0.024 0.080 0.004 4.749 0.122 -0.159 1.000
6.000 0.997 -0.039 0.069 -0.004 4.613 0.056 -0.058 1.000
7.000 0.995 -0.055 0.079 -0.010 4.474 0.006 -0.157 1.000
8.000 0.994 -0.054 0.093 -0.000 4.338 0.080 -0.287 1.000
9.000 0.997 -0.053 0.062 0.004 4.208 0.124 -0.027 1.000
10.000 0.997 -0.047 0.055 0.000 4.099 0.084 0.022 1.000
11.000 0.997 -0.043 0.064 -0.005 4.019 0.035 -0.058 1.000
12.000 0.997 -0.047 0.055 -0.015 3.888 -0.036 0.013 1.000
63.000 0.998 -0.047 0.042 -0.012 -2.571 0.005 -0.068 1.000
13.000 0.998 -0.049 0.033 -0.014 3.753 -0.023 0.182 1.000
14.000 0.998 -0.040 0.053 -0.011 3.628 -0.010 0.031 1.000
40.000 0.999 -0.016 0.024 -0.025 0.408 -0.008 -0.014 1.000
72.000 0.998 -0.055 0.026 -0.022 -3.696 0.070 -0.178 1.000
15.000 0.998 -0.040 0.058 -0.009 3.505 0.015 0.002 1.000
41.000 0.999 -0.004 0.045 -0.024 0.271 -0.014 -0.048 1.000
73.000 0.997 -0.071 0.011 -0.020 -3.776 0.042 -0.285 1.000
16.000 0.998 -0.045 0.043 -0.004 3.371 0.041 0.104 1.000
85.000 0.999 -0.040 -0.008 -0.017 -5.279 0.041 -0.505 1.000
17.000 0.998 -0.049 0.042 -0.008 3.266 0.019 0.107 1.000
18.000 0.998 -0.054 0.029 -0.012 3.182 0.009 0.182 1.000
60.000 0.998 -0.046 0.035 -0.035 -2.132 0.087 -0.123 1.000
92.000 0.996 -0.032 -0.072 -0.042 -6.074 0.335 -1.349 1.000
19.000 0.998 -0.057 0.017 -0.016 3.042 -0.012 0.244 1.000
35.000 0.998 -0.024 0.049 -0.008 1.041 0.002 -0.025 1.000
20.000 0.998 -0.055 0.033 -0.013 2.916 -0.004 0.136 1.000
21.000 0.998 -0.057 0.035 -0.018 2.783 -0.023 0.116 1.000
22.000 0.998 -0.051 0.025 -0.028 2.642 -0.078 0.160 1.000
70.000 0.999 -0.040 0.019 -0.005 -3.496 -0.049 -0.212 1.000
23.000 0.998 -0.049 0.040 -0.029 2.515 -0.088 0.067 1.000
24.000 0.997 -0.059 0.033 -0.023 2.412 -0.042 0.096 1.000
25.000 0.997 -0.065 0.026 -0.016 2.332 -0.005 0.120 1.000
26.000 0.996 -0.063 0.059 -0.005 2.208 0.028 -0.036 1.000
27.000 0.996 -0.050 0.069 -0.003 2.080 0.039 -0.079 1.000
29.000 0.998 -0.030 0.057 0.005 1.814 0.055 -0.044 1.000
81.000 0.999 -0.046 0.011 -0.021 -4.790 0.077 -0.305 1.000
30.000 0.998 -0.042 0.048 -0.007 1.675 0.020 -0.011 1.000
78.000 0.997 -0.062 0.024 -0.030 -4.402 0.148 -0.186 1.000
31.000 0.998 -0.047 0.032 -0.010 1.558 0.009 0.038 1.000
51.000 0.999 -0.037 0.030 -0.016 -1.000 0.015 -0.141 1.000
83.000 1.000 -0.022 0.008 -0.017 -5.014 0.057 -0.338 1.000
32.000 0.998 -0.043 0.034 -0.008 1.471 0.009 0.031 1.000
33.000 0.998 -0.041 0.055 -0.012 1.332 0.002 -0.030 1.000
65.000 0.999 -0.030 0.039 -0.008 -2.774 -0.019 -0.091 1.000
34.000 0.999 -0.035 0.036 -0.010 1.184 0.002 0.018 1.000
66.000 0.998 -0.033 0.044 -0.008 -2.914 -0.011 -0.061 1.000
36.000 0.999 -0.029 0.041 -0.008 0.897 0.016 -0.012 1.000
58.000 0.998 -0.050 0.025 -0.037 -1.930 0.080 -0.160 1.000
37.000 0.999 -0.036 0.021 -0.008 0.746 0.011 0.017 1.000
93.000 0.998 -0.035 -0.026 -0.038 -6.302 0.307 -0.798 1.000
38.000 0.999 -0.031 0.038 -0.017 0.632 -0.000 -0.013 1.000
39.000 0.998 -0.027 0.045 -0.027 0.549 -0.004 -0.023 1.000
52.000 0.999 -0.035 0.012 -0.015 -1.111 0.000 -0.183 1.000
42.000 0.999 -0.007 0.033 -0.024 0.136 0.002 -0.053 1.000
74.000 0.996 -0.087 0.013 -0.013 -3.892 -0.021 -0.260 1.000
43.000 1.000 -0.016 0.003 -0.008 0.001 -0.003 -0.063 1.000
56.000 0.997 -0.064 0.030 -0.026 -1.635 0.031 -0.144 1.000
44.000 1.000 -0.007 0.016 -0.002 -0.133 0.001 -0.083 1.000
45.000 1.000 -0.002 0.016 -0.003 -0.238 0.009 -0.095 1.000
46.000 1.000 -0.001 0.001 0.000 -0.319 0.002 -0.116 1.000
47.000 1.000 0.003 0.021 -0.003 -0.455 -0.006 -0.128 1.000
79.000 0.997 -0.065 0.012 -0.028 -4.537 0.130 -0.294 1.000
99.000 0.992 -0.053 0.111 -0.013 5.345 -0.031 -0.439 1.000
48.000 1.000 -0.008 0.024 -0.015 -0.591 0.018 -0.137 1.000
96.000 0.991 -0.049 0.121 -0.031 5.741 -0.261 -0.535 1.000
49.000 1.000 -0.026 0.009 -0.015 -0.726 0.009 -0.167 1.000
50.000 0.999 -0.031 0.032 -0.013 -0.865 0.002 -0.136 1.000
53.000 0.999 -0.032 0.019 -0.017 -1.200 0.002 -0.177 1.000
54.000 0.998 -0.040 0.026 -0.028 -1.344 0.043 -0.165 1.000
86.000 0.999 -0.052 -0.008 -0.010 -5.423 -0.042 -0.506 1.000
55.000 0.998 -0.057 -0.004 -0.022 -1.482 0.011 -0.248 1.000
57.000 0.997 -0.062 0.032 -0.036 -1.781 0.080 -0.135 1.000
89.000 0.999 -0.032 -0.020 -0.019 -5.753 0.075 -0.665 1.000
59.000 0.998 -0.043 0.038 -0.037 -2.047 0.087 -0.113 1.000
91.000 0.998 -0.025 -0.039 -0.046 -5.997 0.408 -0.925 1.000
61.000 0.998 -0.050 0.021 -0.027 -2.279 0.050 -0.175 1.000
69.000 0.998 -0.049 0.038 0.000 -3.345 -0.070 -0.076 1.000
62.000 0.998 -0.048 0.042 -0.018 -2.427 0.023 -0.073 1.000
94.000 0.994 -0.063 0.087 -0.005 5.218 0.066 -0.192 1.000
64.000 0.999 -0.035 0.031 -0.009 -2.717 -0.016 -0.135 1.000
67.000 0.999 -0.045 0.022 -0.003 -3.056 -0.052 -0.187 1.000
68.000 0.998 -0.050 0.038 0.004 -3.200 -0.094 -0.080 1.000
90.000 0.999 -0.020 -0.009 -0.032 -5.907 0.235 -0.548 1.000
71.000 0.999 -0.040 0.022 -0.010 -3.555 -0.021 -0.199 1.000
75.000 0.995 -0.094 0.030 -0.013 -3.979 -0.012 -0.123 1.000
76.000 0.996 -0.090 0.016 -0.020 -4.115 0.044 -0.235 1.000
77.000 0.997 -0.076 0.017 -0.025 -4.260 0.085 -0.237 1.000
80.000 0.998 -0.060 -0.001 -0.021 -4.674 0.051 -0.406 1.000
82.000 0.999 -0.037 0.014 -0.021 -4.874 0.093 -0.277 1.000
84.000 1.000 -0.021 0.010 -0.020 -5.154 0.082 -0.324 1.000
88.000 0.999 -0.043 -0.005 -0.019 -5.624 0.075 -0.480 1.000
95.000 0.990 -0.043 0.132 -0.018 5.458 -0.116 -0.669 1.000
97.000 0.992 -0.048 0.112 -0.031 5.827 -0.263 -0.428 1.000
98.000 0.992 -0.049 0.113 -0.025 5.615 -0.182 -0.448 1.000
100.000 0.993 -0.056 0.106 -0.002 5.071 0.083 -0.401 1.000
